020 028 025 022,0.00 0.00 3.11
020 030 025 022,0.00 0.00 3.11
020 029 025 022,0.00 0.00 3.11
020 030 025 022,0.00 0.00 3.11
020 029 025 022,0.00 0.00 3.11
020 029 025 022,0.00 0.00 3.11
020 028 025 022,0.00 0.00 3.11
020 028 025 022,0.00 0.00 3.11
020 028 025 022,0.00 0.00 3.11
020 030 025 022,0.00 0.00 3.11
020 029 025 022,0.00 0.00 3.11
020 029 025 022,0.00 0.00 3.11
020 030 025 022,0.00 0.00 3.11
020 029 025 022,0.00 0.00 3.11
020 029 025 022,0.00 0.00 3.11
020 028 025 022,0.00 0.00 3.11
020 028 025 022,0.00 0.00 3.11
020 028 025 022,0.00 0.00 3.11
020 028 025 022,0.00 0.00 3.11
020 028 025 022,0.00 0.00 3.11
020 028 025 022,0.00 0.00 3.11
020 030 025 022,0.00 0.00 3.11
020 029 025 022,0.00 0.00 3.11
020 029 025 022,0.00 0.00 3.11
020 028 025 022,0.00 0.00 3.11
020 028 025 022,0.00 0.00 3.11
020 028 025 022,0.00 0.00 3.11
020 028 025 022,0.00 0.00 3.11
020 028 025 022,0.00 0.00 3.11
020 030 025 022,0.00 0.00 3.11
020 030 025 022,0.00 0.00 3.11
020 029 025 022,0.00 0.00 3.11
020 030 025 022,0.00 0.00 3.11
020 029 025 022,0.00 0.00 3.11
020 029 025 022,0.00 0.00 3.11
020 028 025 022,0.00 0.00 3.11
020 028 025 022,0.00 0.00 3.11
020 028 025 022,0.00 0.00 3.11
020 030 025 022,0.00 0.00 3.11
020 030 025 022,0.00 0.00 3.11
020 030 025 022,0.00 0.00 3.11
020 029 025 022,0.00 0.00 3.11
020 029 025 022,0.00 0.00 3.11
020 028 025 022,0.00 0.00 3.11
020 028 025 022,0.00 0.00 3.11
020 028 025 022,0.00 0.00 3.11
020 028 025 022,0.00 0.00 3.11
020 028 025 022,0.00 0.00 3.11
020 028 025 022,0.00 0.00 3.11
020 030 025 022,0.00 0.00 3.11
020 029 025 022,0.00 0.00 3.11
020 029 025 022,0.00 0.00 3.11
020 028 025 022,0.00 0.00 3.11
020 028 025 022,0.00 0.00 3.11
020 028 025 022,0.00 0.00 3.11
020 028 025 022,0.00 0.00 3.11
020 030 025 022,0.00 0.00 3.11
020 029 025 022,0.00 0.00 3.11
020 029 025 022,0.00 0.00 3.11
020 028 025 022,0.00 0.00 3.11
020 028 025 023,0.00 0.00 3.11
020 028 025 023,0.00 0.00 3.11
020 028 025 023,0.00 0.00 3.11
020 030 025 023,0.00 0.00 3.11
020 029 025 023,0.00 0.00 3.11
020 029 025 023,0.00 0.00 3.11
020 028 025 022,0.00 0.00 3.11
020 028 025 023,0.00 0.00 3.11
020 028 025 023,0.00 0.00 3.11
020 028 025 022,0.00 0.00 3.11
020 028 025 022,0.00 0.00 3.11
020 028 025 022,0.00 0.00 3.11
020 028 025 022,0.00 0.00 3.11
020 028 025 022,0.00 0.00 3.11
020 028 025 022,0.00 0.00 3.11
020 028 025 022,0.00 0.00 3.11
020 028 025 022,0.00 0.00 3.11
020 028 025 022,0.00 0.00 3.11
020 030 025 022,0.00 0.00 3.11
020 029 025 022,0.00 0.00 3.11
020 030 025 023,0.00 0.00 3.11
020 030 025 023,0.00 0.00 3.11
020 029 025 022,0.00 0.00 3.11
020 030 025 023,0.00 0.00 3.11
020 030 025 022,0.00 0.00 3.11
020 029 025 022,0.00 0.00 3.11
020 030 025 022,0.00 0.00 3.11
020 029 025 022,0.00 0.00 3.11
020 030 025 022,0.00 0.00 3.11
020 029 025 022,0.00 0.00 3.11
020 029 025 022,0.00 0.00 3.11
020 028 025 022,0.00 0.00 3.11
020 028 025 022,0.00 0.00 3.11
020 028 025 022,0.00 0.00 3.11
020 028 025 022,0.00 0.00 3.11
020 028 025 022,0.00 0.00 3.11
020 028 025 022,0.00 0.00 3.11
020 028 025 022,0.00 0.00 3.11
020 028 025 022,0.00 0.00 3.11
020 028 025 022,0.00 0.00 3.11
020 028 025 022,0.00 0.00 3.11
020 028 025 022,0.00 0.00 3.11
020 030 025 022,0.00 0.00 3.11
020 029 025 022,0.00 0.00 3.11
020 029 025 022,0.00 0.00 3.11
020 028 025 022,0.00 0.00 3.11
020 028 025 022,0.00 0.00 3.11
020 028 025 022,0.00 0.00 3.11
020 028 025 022,0.00 0.00 3.11
020 028 025 022,0.00 0.00 3.11
020 028 025 022,0.00 0.00 3.11
020 030 025 022,0.00 0.00 3.11
020 029 025 022,0.00 0.00 3.11
020 029 025 022,0.00 0.00 3.11
020 028 025 022,0.00 0.00 3.11
020 028 025 022,0.00 0.00 3.11
020 028 025 022,0.00 0.00 3.11
020 028 025 023,0.00 0.00 3.11
020 028 025 022,0.00 0.00 3.11
020 028 025 022,0.00 0.00 3.11
020 028 025 022,0.00 0.00 3.11
020 028 025 022,0.00 0.00 3.11
020 030 025 022,0.00 0.00 3.11
020 029 025 023,0.00 0.00 3.11
020 029 025 023,0.00 0.00 3.11
020 028 025 023,0.00 0.00 3.11
020 028 025 023,0.00 0.00 3.11
020 028 025 022,0.00 0.00 3.11
020 028 025 022,0.00 0.00 3.11
020 028 025 023,0.00 0.00 3.11
020 028 025 022,0.00 0.00 3.11
020 028 025 022,0.00 0.00 3.11
020 028 025 023,0.00 0.00 3.11
020 028 025 022,0.00 0.00 3.11
020 028 025 023,0.00 0.00 3.11
020 030 025 022,0.00 0.00 3.11
020 029 025 022,0.00 0.00 3.11
020 030 025 023,0.00 0.00 3.11
020 030 025 023,0.00 0.00 3.11
020 029 025 023,0.00 0.00 3.11
020 029 025 023,0.00 0.00 3.11
020 030 025 023,0.00 0.00 3.11
020 029 025 023,0.00 0.00 3.11
020 029 025 023,0.00 0.00 3.11
020 028 025 023,0.00 0.00 3.11
020 028 025 023,0.00 0.00 3.11
020 028 025 022,0.00 -0.00 3.11
020 028 025 022,0.00 -0.00 3.11
020 028 025 022,0.00 0.00 3.11
020 028 025 023,0.00 0.00 3.11
020 028 025 022,0.00 -0.00 3.11
020 028 025 022,0.00 0.00 3.11
020 028 025 022,0.00 0.00 3.11
020 028 025 022,0.00 0.00 3.11
020 028 025 022,0.00 -0.00 3.11
020 028 025 022,0.00 -0.00 3.11
020 028 025 023,0.00 -0.00 3.11
020 028 025 023,0.00 0.00 3.11
020 028 025 023,0.00 0.00 3.11
020 028 025 022,0.00 0.00 3.11
020 028 025 023,0.00 0.00 3.11
020 028 025 022,0.00 0.00 3.11
020 028 025 022,0.00 0.00 3.11
020 028 025 022,0.00 -0.00 3.11
020 028 025 022,0.00 -0.00 3.11
020 028 025 022,0.00 -0.00 3.11
020 028 025 022,0.00 0.00 3.11
020 028 025 022,0.00 0.00 3.11
020 030 025 022,0.00 0.00 3.11
020 029 025 022,0.00 -0.00 3.11
020 029 025 022,0.00 -0.00 3.11
020 028 025 022,0.00 0.00 3.11
020 028 025 022,0.00 0.00 3.11
020 028 025 022,0.00 0.00 3.11
020 028 025 023,0.00 -0.00 3.11
020 028 025 022,0.00 -0.00 3.11
020 028 025 022,0.00 0.00 3.11
020 028 025 022,0.00 0.00 3.11
020 028 025 022,0.00 0.00 3.11
020 028 025 023,0.00 0.00 3.11
020 028 025 022,0.00 0.00 3.11
020 028 025 022,0.00 0.00 3.11
020 028 025 022,0.00 0.00 3.11
020 028 025 022,0.00 0.00 3.11
020 030 025 022,0.00 0.00 3.11
020 030 025 022,0.00 0.00 3.11
020 029 025 022,0.00 0.00 3.11
020 029 025 022,0.00 0.00 3.11
020 028 025 022,0.00 0.00 3.11
020 028 025 022,0.00 0.00 3.11
020 028 025 022,0.00 0.00 3.11
020 030 025 022,0.00 0.00 3.11
020 030 025 022,0.00 0.00 3.11
020 029 025 022,0.00 0.00 3.11
020 029 025 022,0.00 0.00 3.11
020 028 025 022,0.00 0.00 3.11
020 028 025 022,0.00 0.00 3.11
020 028 025 023,0.00 0.00 3.11
020 028 025 023,0.00 0.00 3.11
020 028 025 022,0.00 0.00 3.11
020 028 025 023,0.00 0.00 3.11
020 028 025 023,0.00 0.00 3.11
020 028 025 022,0.00 0.00 3.11
020 028 025 022,0.00 0.00 3.11
020 028 025 022,0.00 0.00 3.11
020 028 025 022,0.00 0.00 3.11
020 028 025 023,0.00 0.00 3.11
020 028 025 023,0.00 0.00 3.11
020 028 025 023,0.00 0.00 3.11
020 028 025 023,0.00 0.00 3.11
020 028 025 023,0.00 0.00 3.11
020 028 025 023,0.00 0.00 3.11
020 030 025 022,0.00 0.00 3.11
020 029 025 022,0.00 0.00 3.11
020 029 025 022,0.00 0.00 3.11
020 028 025 022,0.00 0.00 3.11
020 028 025 023,0.00 0.00 3.11
020 028 025 023,0.00 0.00 3.11
020 028 025 023,0.00 0.00 3.11
020 028 025 023,0.00 0.00 3.11
020 028 025 023,0.00 0.00 3.11
020 028 025 023,0.00 0.00 3.11
020 028 025 023,0.00 0.00 3.11
020 028 025 023,0.00 0.00 3.11
020 028 025 023,0.00 0.00 3.11
020 028 025 023,0.00 0.00 3.11
020 028 025 023,0.00 0.00 3.11
020 028 025 023,0.00 0.00 3.11
020 028 025 023,0.00 0.00 3.11
020 030 025 023,0.00 0.00 3.11
020 029 025 023,0.00 0.00 3.11
020 029 025 023,0.00 0.00 3.11
020 028 025 023,0.00 0.00 3.11
020 028 025 023,0.00 0.00 3.11
020 028 025 023,0.00 0.00 3.11
020 028 025 023,0.00 0.00 3.11
020 028 025 023,0.00 0.00 3.11
020 028 025 023,0.00 0.00 3.11
020 028 025 023,0.00 0.00 3.11
020 028 025 023,0.00 0.00 3.11
020 028 025 023,0.00 0.00 3.11
020 028 025 023,0.00 0.00 3.11
020 028 025 023,0.00 0.00 3.11
020 028 025 023,0.00 0.00 3.11
020 028 025 023,0.00 0.00 3.11
020 028 025 023,0.00 0.00 3.11
020 028 025 023,0.00 0.00 3.11
020 028 025 023,0.00 0.00 3.11
020 028 025 023,0.00 0.00 3.11
020 030 025 023,0.00 0.00 3.11
020 029 025 023,0.00 0.00 3.11
020 029 025 023,0.00 0.00 3.11
020 028 025 023,0.00 0.00 3.11
020 028 025 022,0.00 0.00 3.11
020 028 025 023,0.00 0.00 3.11
020 028 025 022,0.00 0.00 3.11
020 028 025 023,0.00 0.00 3.11
020 028 025 023,0.00 0.00 3.11
020 028 025 022,0.00 0.00 3.11
020 028 025 022,0.00 0.00 3.11
020 028 025 022,0.00 0.00 3.11
020 028 025 022,0.00 0.00 3.11
020 028 025 023,0.00 0.00 3.11
020 028 025 022,0.00 0.00 3.11
020 028 025 023,0.00 0.00 3.11
020 028 025 023,0.00 0.00 3.11
020 028 025 023,0.00 0.00 3.11
020 028 025 023,0.00 0.00 3.11
020 028 025 023,0.00 0.00 3.11
020 028 025 023,0.00 0.00 3.11
020 028 025 023,0.00 0.00 3.11
020 028 025 023,0.00 0.00 3.11
020 028 025 023,0.00 0.00 3.11
020 028 025 023,0.00 0.00 3.11
020 028 025 023,0.00 0.00 3.11
020 028 025 023,0.00 0.00 3.11
020 028 025 023,0.00 0.00 3.11
020 028 025 023,0.00 0.00 3.11
020 028 025 023,0.00 0.00 3.11
020 028 025 023,0.00 0.00 3.11
020 028 025 023,0.00 0.00 3.11
020 028 025 023,0.00 0.00 3.11
020 030 025 023,0.00 0.00 3.11
020 029 025 023,0.00 0.00 3.11
020 029 025 023,0.00 0.00 3.11
020 028 025 023,0.00 0.00 3.11
020 028 025 023,0.00 0.00 3.11
020 028 025 023,0.00 0.00 3.11
020 028 025 023,0.00 0.00 3.11
020 028 025 023,0.00 0.00 3.11
020 028 025 023,0.00 0.00 3.11
020 028 025 023,0.00 0.00 3.11
020 028 025 023,0.00 0.00 3.11
020 028 025 023,0.00 0.00 3.11
020 028 025 023,0.00 0.00 3.11
020 028 025 023,0.00 0.00 3.11
020 028 025 023,0.00 0.00 3.11
020 028 025 023,0.00 0.00 3.11
020 028 025 023,0.00 0.00 3.11
020 028 025 023,0.00 0.00 3.11
020 028 025 023,0.00 0.00 3.11
020 030 025 023,0.00 0.00 3.11
020 029 025 023,0.00 0.00 3.11
020 029 025 023,0.00 0.00 3.11
020 028 025 023,0.00 0.00 3.11
020 028 025 023,0.00 0.00 3.11
020 028 025 023,0.00 0.00 3.11
020 028 025 023,0.00 0.00 3.11
020 028 025 023,0.00 0.00 3.11
020 028 025 023,0.00 0.00 3.11
020 028 025 023,0.00 0.00 3.11
020 028 025 023,0.00 0.00 3.11
020 028 025 023,0.00 0.00 3.11
020 028 025 023,0.00 0.00 3.11
020 030 025 023,0.00 0.00 3.11
020 029 025 023,0.00 0.00 3.11
020 029 025 023,0.00 0.00 3.11
020 028 025 023,0.00 0.00 3.11
020 028 025 023,0.00 0.00 3.11
020 028 025 023,0.00 0.00 3.11
020 030 025 023,0.00 0.00 3.11
020 029 025 023,0.00 0.00 3.11
020 029 025 023,0.00 0.00 3.11
020 030 025 023,0.00 0.00 3.11
020 029 025 023,0.00 0.00 3.11
020 030 025 023,0.00 0.00 3.11
020 029 025 023,0.00 0.00 3.11
020 029 025 023,0.00 0.00 3.11
020 030 025 023,0.00 0.00 3.11
020 029 025 023,0.00 0.00 3.11
020 029 025 023,0.00 0.00 3.11
020 028 025 023,0.00 0.00 3.11
020 028 025 023,0.00 0.00 3.11
020 028 025 023,0.00 0.00 3.11
020 028 025 023,0.00 0.00 3.11
020 028 025 023,0.00 0.00 3.11
020 028 025 023,0.00 0.00 3.11
020 028 025 023,0.00 0.00 3.11
020 030 025 023,0.00 0.00 3.11
020 029 025 023,0.00 0.00 3.11
020 029 025 023,0.00 0.00 3.11
020 028 025 023,0.00 0.00 3.11
020 028 025 023,0.00 0.00 3.11
020 028 025 023,0.00 0.00 3.11
020 028 025 023,0.00 0.00 3.11
020 028 025 023,-0.00 0.00 3.11
020 028 025 023,0.00 -0.00 3.11
020 030 025 023,0.00 -0.00 3.11
020 029 025 023,0.00 -0.00 3.11
020 030 025 023,0.00 -0.00 3.11
020 029 025 023,-0.00 0.00 3.11
020 030 025 023,-0.00 0.00 3.11
020 029 025 023,0.00 -0.00 3.11
020 029 025 023,0.00 -0.00 3.11
020 028 025 023,0.00 -0.00 3.11
020 030 025 023,0.00 -0.00 3.11
020 030 025 023,0.00 -0.00 3.11
020 029 025 023,0.00 -0.00 3.11
020 029 025 023,0.00 -0.00 3.11
020 028 025 023,0.00 -0.00 3.11
020 028 025 023,0.00 -0.00 3.11
020 030 025 023,0.00 -0.00 3.11
020 029 025 023,0.00 -0.00 3.11
020 029 025 023,-0.00 0.00 3.11
020 028 025 023,0.00 -0.00 3.11
020 028 025 023,0.00 -0.00 3.11
020 028 025 023,0.00 -0.00 3.11
020 028 025 023,0.00 -0.00 3.11
020 028 025 023,0.00 -0.00 3.11
020 028 025 023,0.00 -0.00 3.11
020 028 025 023,0.00 -0.00 3.11
020 028 025 023,0.00 -0.00 3.11
020 028 025 023,0.00 -0.00 3.11
020 028 025 023,0.00 -0.00 3.11
020 028 025 023,0.00 -0.00 3.11
020 028 025 023,0.00 -0.00 3.11
020 028 025 023,0.00 -0.00 3.11
020 028 025 023,0.00 -0.00 3.11
020 028 025 023,0.00 -0.00 3.11
020 030 025 023,0.00 -0.00 3.11
020 029 025 023,0.00 -0.00 3.11
020 029 025 023,0.00 -0.00 3.11
020 028 025 023,0.00 -0.00 3.11
020 028 025 023,0.00 -0.00 3.11
020 028 025 023,-0.00 0.00 3.11
020 028 025 023,-0.00 0.00 3.11
020 028 025 023,0.00 -0.00 3.11
020 028 025 023,0.00 -0.00 3.11
020 030 025 023,0.00 -0.00 3.11
020 029 025 023,0.00 -0.00 3.11
020 030 025 023,-0.00 0.00 3.11
020 029 025 023,-0.00 0.00 3.11
020 030 025 022,0.00 -0.00 3.11
020 035 025 023,0.00 -0.00 3.11
020 036 025 023,0.00 -0.00 3.11
020 031 025 023,0.00 -0.00 3.12
020 029 025 023,0.00 -0.00 3.12
020 031 025 023,0.00 -0.00 3.12
020 036 025 023,0.00 -0.00 3.12
020 032 025 023,0.00 -0.00 -3.12
020 032 025 024,0.00 -0.00 -3.12
020 033 025 025,-0.00 -0.00 -3.12
020 030 025 025,-0.00 -0.00 -3.12
020 029 025 025,-0.00 -0.00 -3.09
020 032 024 024,-0.00 -0.00 -3.09
020 036 025 000,-0.00 -0.00 -3.09
020 038 025 026,-0.00 -0.00 -3.00
020 030 024 027,-0.00 -0.00 -3.00
020 028 023 027,-0.00 -0.00 -3.00
021 027 025 038,-0.00 -0.00 -3.00
021 035 024 042,-0.00 -0.00 -2.90
023 029 023 042,-0.00 -0.00 -2.90
024 026 023 042,-0.00 -0.00 -2.90
025 025 023 042,-0.00 -0.00 -2.90
030 024 022 042,-0.00 -0.00 -2.79
048 024 022 042,-0.00 -0.00 -2.79
061 023 022 043,-0.00 -0.00 -2.79
051 022 022 038,-0.00 -0.00 -2.69
066 022 022 035,-0.00 -0.00 -2.69
124 022 022 034,-0.00 -0.00 -2.69
079 020 022 031,-0.00 -0.00 -2.69
065 020 022 030,-0.00 -0.00 -2.60
061 020 022 030,-0.00 -0.00 -2.60
133 020 022 029,-0.00 -0.00 -2.60
223 020 022 029,-0.00 -0.00 -2.60
236 020 023 028,-0.00 -0.00 -2.53
241 020 023 028,-0.00 -0.00 -2.53
249 020 023 027,-0.00 -0.00 -2.53
246 020 023 027,-0.00 -0.00 -2.46
251 020 023 027,-0.00 0.00 -2.46
252 020 023 027,-0.00 0.00 -2.46
247 020 024 026,-0.00 0.00 -2.46
245 020 025 025,-0.00 0.00 -2.37
250 020 025 051,-0.00 0.00 -2.37
253 020 025 025,-0.00 0.00 -2.37
254 020 025 025,-0.00 0.00 -2.30
252 020 025 025,-0.00 0.00 -2.30
218 020 025 025,-0.00 0.00 -2.30
215 020 034 025,-0.00 0.00 -2.30
214 020 028 025,-0.00 0.00 -2.23
214 020 027 025,-0.00 0.00 -2.23
214 020 027 025,0.00 0.00 -2.23
221 021 026 025,-0.00 0.00 -2.23
224 021 026 026,-0.00 0.00 -2.15
224 035 027 024,-0.00 0.00 -2.15
224 041 027 024,-0.00 0.00 -2.15
224 050 027 023,-0.00 0.00 -2.09
224 047 027 023,-0.00 0.00 -2.09
223 037 027 023,-0.00 0.00 -2.09
222 051 027 023,-0.00 0.00 -2.09
222 054 027 022,-0.00 0.00 -2.01
222 055 027 022,-0.00 0.00 -2.01
222 060 026 022,-0.00 0.00 -2.01
222 060 026 022,-0.00 0.00 -2.01
222 057 025 022,-0.00 0.00 -1.94
222 057 025 022,-0.00 0.00 -1.94
222 056 024 023,-0.00 0.00 -1.94
222 064 023 023,-0.00 0.00 -1.85
222 066 023 023,-0.00 0.00 -1.85
222 065 023 023,-0.00 0.00 -1.85
222 064 023 023,-0.00 0.00 -1.85
222 064 022 023,-0.00 0.00 -1.76
172 064 022 023,-0.00 0.00 -1.76
164 064 022 023,-0.00 0.00 -1.76
179 064 022 023,-0.00 0.00 -1.76
166 064 020 024,-0.00 0.00 -1.69
188 064 020 025,-0.00 0.00 -1.69
170 064 020 025,-0.00 0.00 -1.69
145 064 020 026,-0.00 0.00 -1.62
113 064 020 025,-0.00 0.00 -1.62
111 064 020 025,-0.00 0.00 -1.62
113 065 020 026,-0.00 0.00 -1.62
111 066 020 027,-0.00 0.00 -1.54
109 067 020 027,-0.00 0.00 -1.54
110 067 020 028,-0.00 0.00 -1.54
153 145 020 029,-0.00 0.00 -1.47
209 203 020 031,-0.00 0.00 -1.47
248 214 019 030,-0.00 0.00 -1.47
202 241 020 030,-0.00 0.00 -1.47
145 250 020 030,-0.00 0.00 -1.40
111 252 019 036,-0.00 0.00 -1.40
108 269 018 038,-0.00 0.00 -1.40
106 274 018 038,-0.00 0.00 -1.40
104 237 018 039,-0.00 0.00 -1.31
105 224 018 033,-0.00 0.00 -1.31
105 221 018 030,-0.00 0.00 -1.31
104 219 019 028,-0.00 0.00 -1.20
103 219 020 028,-0.00 0.00 -1.20
102 219 020 026,-0.00 0.00 -1.20
102 219 020 025,-0.00 0.00 -1.20
103 219 021 025,-0.00 0.00 -1.08
103 219 024 025,-0.00 0.00 -1.08
104 219 025 024,-0.00 0.00 -1.08
105 219 024 023,-0.00 0.00 -1.08
105 219 023 022,-0.00 0.00 -0.94
105 240 024 022,-0.00 0.00 -0.94
106 246 024 022,-0.00 0.00 -0.94
156 253 023 020,0.00 0.00 -0.84
180 222 023 020,0.00 0.00 -0.84
213 170 024 020,0.00 0.00 -0.84
216 146 026 020,0.00 0.00 -0.84
173 139 026 020,0.00 0.00 -0.72
168 117 050 020,0.00 0.00 -0.72
183 193 057 020,0.00 0.00 -0.72
167 203 061 019,0.00 0.00 -0.72
146 229 134 018,0.00 0.00 -0.61
111 181 206 018,0.00 0.00 -0.61
108 205 246 018,0.00 0.00 -0.61
107 263 251 018,0.00 0.00 -0.49
107 299 230 019,0.00 0.00 -0.49
105 302 224 020,0.00 0.00 -0.49
105 304 221 020,0.00 0.00 -0.49
078 305 221 021,-0.00 0.00 -0.35
069 272 221 023,-0.00 0.00 -0.35
066 372 221 086,-0.00 0.00 -0.35
065 289 221 141,-0.00 0.00 -0.24
064 171 221 148,-0.00 0.00 -0.24
064 149 221 150,-0.00 0.00 -0.24
063 142 221 154,-0.00 0.00 -0.24
037 147 221 190,-0.00 0.00 -0.12
028 163 221 227,-0.00 0.00 -0.12
050 161 221 238,-0.00 0.00 -0.12
023 117 221 242,-0.00 0.00 -0.12
022 112 240 247,-0.00 0.00 -0.02
021 108 246 249,-0.00 0.00 -0.02
020 107 254 250,-0.00 0.00 -0.02
020 107 225 251,0.00 0.00 0.09
020 107 224 251,0.00 0.00 0.09
020 107 224 252,0.00 0.00 0.09
020 107 241 253,0.00 0.00 0.09
020 107 247 248,0.00 0.00 0.19
020 107 255 213,0.00 0.00 0.19
020 107 223 210,0.00 0.00 0.19
020 107 221 209,0.00 0.00 0.19
021 107 170 209,0.00 0.00 0.31
021 107 226 209,0.00 0.00 0.31
022 107 260 209,-0.00 0.00 0.31
022 105 216 209,-0.00 0.00 0.44
022 105 207 209,-0.00 0.00 0.44
023 104 181 209,-0.00 0.00 0.44
022 103 145 219,-0.00 -0.00 0.44
022 077 109 242,-0.00 -0.00 0.56
023 067 105 249,-0.00 -0.00 0.56
024 065 105 247,-0.00 -0.00 0.56
039 059 104 225,-0.00 -0.00 0.66
043 057 103 227,-0.00 -0.00 0.66
044 039 104 227,-0.00 -0.00 0.66
032 031 104 215,-0.00 -0.00 0.66
027 026 104 213,-0.00 -0.00 0.77
027 023 107 231,-0.00 0.00 0.77
029 022 160 243,-0.00 0.00 0.77
031 021 184 247,-0.00 0.00 0.77
032 020 217 249,-0.00 0.00 0.89
040 020 170 248,-0.00 0.00 0.89
042 020 148 248,-0.00 0.00 0.89
043 020 115 248,-0.00 0.00 0.99
035 020 112 249,-0.00 0.00 0.99
032 020 158 180,-0.00 0.00 0.99
031 020 181 149,-0.00 0.00 0.99
029 020 212 113,-0.00 0.00 1.12
029 021 214 109,-0.00 0.00 1.12
027 020 215 107,-0.00 0.00 1.12
027 021 169 105,-0.00 0.00 1.12
027 021 145 105,-0.00 0.00 1.24
027 022 112 105,-0.00 0.00 1.24
026 023 102 104,-0.00 0.00 1.24
025 023 063 103,-0.00 0.00 1.34
051 023 059 103,-0.00 0.00 1.34
025 023 058 104,-0.00 0.00 1.34
025 024 090 104,-0.00 0.00 1.34
025 026 099 103,-0.00 0.00 1.47
025 026 102 103,-0.00 0.00 1.47
025 029 096 103,-0.00 0.00 1.47
024 031 060 104,-0.00 0.00 1.47
023 032 057 105,-0.00 0.00 1.59
023 032 066 157,-0.00 0.00 1.59
022 040 058 181,-0.00 0.00 1.59
023 042 058 215,-0.00 0.00 1.69
022 043 061 216,-0.00 0.00 1.69
023 044 035 217,-0.00 0.00 1.69
023 044 026 217,-0.00 0.00 1.69
023 044 022 216,-0.00 0.00 1.82
023 044 021 170,-0.00 0.00 1.82
023 044 020 146,-0.00 0.00 1.82
023 044 020 112,-0.00 0.00 1.92
023 044 020 110,-0.00 0.00 1.92
023 045 020 109,-0.00 0.00 1.92
023 045 020 156,0.00 0.00 1.92
024 034 020 172,0.00 0.00 2.04
025 030 020 147,0.00 0.00 2.04
025 028 020 125,0.00 -0.00 2.04
026 027 020 125,0.00 -0.00 2.04
027 026 020 111,0.00 -0.00 2.15
027 025 020 107,0.00 0.00 2.15
028 051 020 106,0.00 0.00 2.15
028 025 021 104,0.00 0.00 2.27
029 025 021 103,0.00 -0.00 2.27
029 025 022 103,0.00 -0.00 2.27
030 025 022 102,0.00 -0.00 2.27
029 024 023 100,0.00 -0.00 2.37
029 023 023 073,0.00 -0.00 2.37
027 023 023 072,0.00 -0.00 2.37
027 023 023 071,0.00 -0.00 2.37
027 023 023 072,0.00 -0.00 2.50
026 023 023 071,0.00 -0.00 2.50
025 023 023 065,0.00 -0.00 2.50
024 023 023 037,0.00 -0.00 2.62
023 023 024 025,0.00 -0.00 2.62
023 023 025 022,0.00 -0.00 2.62
022 023 026 020,0.00 -0.00 2.62
022 023 027 020,0.00 -0.00 2.74
022 023 028 020,0.00 -0.00 2.74
022 023 028 020,0.00 -0.00 2.74
020 024 038 020,0.00 -0.00 2.74
020 025 031 020,0.00 -0.00 2.84
020 025 029 020,0.00 -0.00 2.84
020 025 029 020,0.00 -0.00 2.84
020 026 030 020,0.00 -0.00 2.97
019 027 029 021,0.00 -0.00 2.97
018 028 027 021,0.00 -0.00 2.97
019 028 027 022,0.00 -0.00 2.97
020 028 027 022,0.00 -0.00 3.09
019 028 026 022,0.00 -0.00 3.09
018 028 025 023,0.00 -0.00 3.09
019 035 051 024,0.00 -0.00 -3.09
019 031 025 025,0.00 -0.00 -3.09
019 028 025 026,0.00 -0.00 -3.09
020 028 025 027,0.00 -0.00 -3.09
020 030 025 028,0.00 -0.00 -2.98
020 029 025 031,0.00 -0.00 -2.98
021 032 024 039,0.00 -0.00 -2.98
021 033 023 042,0.00 -0.00 -2.98
023 028 023 043,0.00 -0.00 -2.86
029 026 023 044,0.00 -0.00 -2.86
031 024 022 044,0.00 -0.00 -2.86
028 024 022 044,0.00 -0.00 -2.74
064 022 022 043,-0.00 -0.00 -2.74
052 022 022 036,-0.00 -0.00 -2.74
127 022 022 032,-0.00 -0.00 -2.74
144 020 022 031,-0.00 -0.00 -2.62
150 020 022 030,-0.00 -0.00 -2.62
186 020 023 030,-0.00 -0.00 -2.62
206 020 023 029,-0.00 -0.00 -2.62
239 020 023 029,-0.00 -0.00 -2.51
241 020 023 028,-0.00 -0.00 -2.51
243 020 023 027,-0.00 -0.00 -2.51
243 020 023 027,-0.00 -0.00 -2.41
245 019 024 026,-0.00 -0.00 -2.41
246 018 025 025,-0.00 -0.00 -2.41
250 018 025 051,-0.00 -0.00 -2.41
217 018 025 025,-0.00 -0.00 -2.29
224 019 025 025,-0.00 -0.00 -2.29
225 020 026 025,-0.00 -0.00 -2.29
224 020 027 026,-0.00 -0.00 -2.29
224 021 025 027,-0.00 -0.00 -2.16
217 023 026 050,-0.00 -0.00 -2.16
222 038 027 024,-0.00 -0.00 -2.16
222 044 027 023,-0.00 -0.00 -2.06
222 045 027 023,-0.00 -0.00 -2.06
222 045 027 023,-0.00 -0.00 -2.06
222 027 026 023,-0.00 -0.00 -2.06
222 055 025 022,-0.00 -0.00 -1.94
222 056 025 023,-0.00 -0.00 -1.94
222 057 024 023,-0.00 -0.00 -1.94
222 061 023 022,-0.00 -0.00 -1.82
173 062 022 023,-0.00 -0.00 -1.82
148 062 022 023,-0.00 -0.00 -1.82
153 140 022 023,-0.00 -0.00 -1.82
163 208 022 023,-0.00 -0.00 -1.71
153 247 022 024,-0.00 -0.00 -1.71
115 174 022 025,-0.00 -0.00 -1.71
112 083 022 025,-0.00 -0.00 -1.71
111 070 022 025,-0.00 -0.00 -1.69
110 066 020 025,-0.00 -0.00 -1.69
110 065 021 025,-0.00 -0.00 -1.69
110 064 021 025,-0.00 -0.00 -1.69
111 064 022 025,-0.00 -0.00 -1.69
112 064 020 025,-0.00 -0.00 -1.69
112 064 020 025,-0.00 -0.00 -1.69
111 064 020 025,-0.00 -0.00 -1.69
110 064 020 025,-0.00 -0.00 -1.69
111 064 020 025,-0.00 -0.00 -1.69
112 064 020 025,-0.00 -0.00 -1.69
112 064 020 025,-0.00 -0.00 -1.69
113 064 020 025,-0.00 -0.00 -1.69
111 064 020 025,-0.00 -0.00 -1.69
111 064 020 025,-0.00 -0.00 -1.69
112 064 020 025,-0.00 -0.00 -1.69
112 064 020 025,-0.00 -0.00 -1.69
112 064 020 025,-0.00 -0.00 -1.69
112 064 020 025,-0.00 -0.00 -1.69
112 064 020 025,-0.00 -0.00 -1.69
112 064 020 025,-0.00 -0.00 -1.69
112 064 020 025,-0.00 -0.00 -1.69
113 064 020 025,-0.00 -0.00 -1.69
113 064 020 025,-0.00 -0.00 -1.69
112 064 020 025,-0.00 -0.00 -1.69
112 064 020 025,-0.00 -0.00 -1.69
112 064 020 025,-0.00 -0.00 -1.69
113 064 020 025,-0.00 -0.00 -1.69
113 064 020 025,-0.00 -0.00 -1.69
115 064 020 025,-0.00 -0.00 -1.69
163 064 020 025,-0.00 -0.00 -1.69
229 064 020 025,-0.00 -0.00 -1.69
225 064 020 025,-0.00 -0.00 -1.71
226 064 020 025,-0.00 -0.00 -1.71
226 064 020 025,-0.00 -0.00 -1.71
224 064 020 025,-0.00 -0.00 -1.71
239 064 020 025,-0.00 -0.00 -1.71
245 064 020 025,-0.00 -0.00 -1.71
247 064 020 025,-0.00 -0.00 -1.71
247 064 020 025,-0.00 -0.00 -1.71
248 064 020 025,-0.00 -0.00 -1.71
248 064 020 025,-0.00 -0.00 -1.71
248 064 020 025,-0.00 -0.00 -1.71
248 064 020 025,-0.00 -0.00 -1.71
248 064 020 025,-0.00 -0.00 -1.71
248 064 020 025,-0.00 -0.00 -1.71
248 064 020 025,-0.00 -0.00 -1.71
248 064 020 025,-0.00 -0.00 -1.71
248 064 020 025,-0.00 -0.00 -1.71
248 064 020 025,-0.00 -0.00 -1.71
248 064 020 025,-0.00 -0.00 -1.71
248 064 020 025,-0.00 -0.00 -1.71
232 064 020 025,-0.00 -0.00 -1.71
226 064 020 025,-0.00 -0.00 -1.71
169 064 020 025,-0.00 -0.00 -1.71
114 064 020 025,-0.00 -0.00 -1.71
124 064 020 025,-0.00 -0.00 -1.71
089 064 020 025,-0.00 -0.00 -1.71
131 064 020 025,-0.00 -0.00 -1.71
218 064 020 025,-0.00 -0.00 -1.71
222 064 020 025,-0.00 -0.00 -1.71
240 064 020 025,-0.00 -0.00 -1.71
245 064 020 025,-0.00 -0.00 -1.71
247 064 020 025,-0.00 -0.00 -1.71
247 064 020 025,-0.00 -0.00 -1.71
248 064 020 025,-0.00 -0.00 -1.71
202 064 020 025,-0.00 -0.00 -1.71
145 064 020 025,-0.00 -0.00 -1.71
173 064 020 025,-0.00 -0.00 -1.71
225 064 020 025,-0.00 -0.00 -1.71
207 064 020 025,-0.00 -0.00 -1.71
243 064 020 025,-0.00 -0.00 -1.71
246 064 020 025,-0.00 -0.00 -1.71
247 064 020 025,-0.00 -0.00 -1.71
248 064 020 025,-0.00 -0.00 -1.71
248 064 020 025,-0.00 -0.00 -1.71
248 064 020 025,-0.00 -0.00 -1.71
248 064 020 025,-0.00 -0.00 -1.71
248 064 020 025,-0.00 -0.00 -1.71
248 064 020 025,-0.00 -0.00 -1.71
248 064 020 025,-0.00 -0.00 -1.71
240 064 020 025,-0.00 -0.00 -1.71
237 064 020 025,-0.00 -0.00 -1.71
237 064 020 025,-0.00 -0.00 -1.71
237 064 020 025,-0.00 -0.00 -1.71
244 064 020 025,-0.00 -0.00 -1.71
247 064 020 025,-0.00 -0.00 -1.71
247 064 020 025,-0.00 -0.00 -1.71
248 064 020 025,-0.00 -0.00 -1.71
248 064 020 025,-0.00 -0.00 -1.71
248 064 020 025,-0.00 -0.00 -1.71
248 064 020 025,-0.00 -0.00 -1.71
232 064 020 025,-0.00 -0.00 -1.71
243 064 020 025,-0.00 -0.00 -1.71
246 064 020 025,-0.00 -0.00 -1.71
239 064 020 025,-0.00 -0.00 -1.71
245 064 020 025,-0.00 -0.00 -1.71
231 064 020 025,-0.00 -0.00 -1.71
226 064 020 025,-0.00 -0.00 -1.71
233 064 020 025,-0.00 -0.00 -1.71
243 064 020 025,-0.00 -0.00 -1.71
246 064 020 025,-0.00 -0.00 -1.71
247 064 020 025,-0.00 -0.00 -1.71
248 064 020 025,-0.00 -0.00 -1.71
233 064 020 025,-0.00 -0.00 -1.71
227 064 020 025,-0.00 -0.00 -1.71
225 064 020 025,-0.00 -0.00 -1.71
223 064 020 025,-0.00 -0.00 -1.71
224 064 020 025,-0.00 -0.00 -1.71
240 064 020 025,-0.00 -0.00 -1.71
245 064 020 025,-0.00 -0.00 -1.71
232 064 020 025,-0.00 -0.00 -1.71
235 064 020 025,-0.00 -0.00 -1.71
243 064 020 025,-0.00 -0.00 -1.71
255 064 020 025,-0.00 -0.00 -1.71
242 064 020 025,-0.00 -0.00 -1.71
246 064 021 025,-0.00 -0.00 -1.71
231 064 020 025,-0.00 -0.00 -1.71
242 064 020 025,-0.00 -0.00 -1.71
254 064 020 025,-0.00 -0.00 -1.71
224 064 020 025,-0.00 -0.00 -1.71
224 064 020 025,-0.00 -0.00 -1.71
223 064 020 025,-0.00 -0.00 -1.71
224 064 020 025,-0.00 -0.00 -1.71
240 064 020 025,-0.00 -0.00 -1.71
245 064 020 025,-0.00 -0.00 -1.71
247 064 020 025,-0.00 -0.00 -1.71
247 064 020 025,-0.00 -0.00 -1.71
233 064 020 025,-0.00 -0.00 -1.71
228 064 020 025,-0.00 -0.00 -1.71
241 064 020 025,-0.00 -0.00 -1.71
233 064 020 025,-0.00 -0.00 -1.71
243 064 020 025,-0.00 -0.00 -1.71
246 064 020 025,-0.00 -0.00 -1.71
247 064 020 025,-0.00 -0.00 -1.71
248 064 020 025,-0.00 -0.00 -1.71
248 064 020 025,-0.00 -0.00 -1.71
230 064 020 025,-0.00 -0.00 -1.71
225 064 020 025,-0.00 -0.00 -1.71
223 064 020 025,-0.00 -0.00 -1.71
222 064 020 025,-0.00 -0.00 -1.71
222 064 020 025,-0.00 -0.00 -1.71
222 064 020 025,-0.00 -0.00 -1.71
222 064 020 025,-0.00 -0.00 -1.71
223 064 020 025,-0.00 -0.00 -1.71
223 064 020 025,-0.00 -0.00 -1.71
223 064 020 025,-0.00 -0.00 -1.71
223 064 020 025,-0.00 -0.00 -1.71
222 064 020 025,-0.00 -0.00 -1.71
222 064 020 025,-0.00 -0.00 -1.71
222 064 020 025,-0.00 -0.00 -1.71
222 064 020 025,-0.00 -0.00 -1.71
222 064 020 025,-0.00 -0.00 -1.71
226 064 020 025,-0.00 -0.00 -1.71
227 064 020 025,-0.00 -0.00 -1.71
225 064 020 025,-0.00 -0.00 -1.71
224 064 020 025,-0.00 -0.00 -1.71
224 064 020 025,-0.00 -0.00 -1.71
224 064 020 025,-0.00 -0.00 -1.71
224 064 020 025,-0.00 -0.00 -1.71
206 064 020 025,-0.00 -0.00 -1.71
235 064 020 025,-0.00 -0.00 -1.71
253 064 020 025,-0.00 -0.00 -1.71
224 064 020 025,-0.00 -0.00 -1.71
224 064 020 025,-0.00 -0.00 -1.71
225 064 020 025,-0.00 -0.00 -1.71
207 064 021 025,-0.00 -0.00 -1.71
235 064 021 025,-0.00 -0.00 -1.71
253 064 020 025,-0.00 -0.00 -1.71
227 064 020 025,-0.00 -0.00 -1.71
233 064 021 025,-0.00 -0.00 -1.71
227 064 020 025,-0.00 -0.00 -1.71
241 064 020 025,-0.00 -0.00 -1.71
246 064 020 025,-0.00 -0.00 -1.71
247 064 021 025,-0.00 -0.00 -1.71
231 064 020 025,-0.00 -0.00 -1.71
226 064 020 025,-0.00 -0.00 -1.71
241 064 020 025,-0.00 -0.00 -1.71
230 064 020 025,-0.00 -0.00 -1.71
226 064 020 025,-0.00 -0.00 -1.71
241 142 020 025,-0.00 -0.00 -1.71
233 209 020 025,-0.00 -0.00 -1.71
227 170 020 025,-0.00 -0.00 -1.71
225 082 020 025,-0.00 -0.00 -1.71
224 070 021 025,-0.00 -0.00 -1.71
223 066 020 025,-0.00 -0.00 -1.71
222 065 020 025,-0.00 -0.00 -1.71
222 064 020 025,-0.00 -0.00 -1.71
222 064 021 025,-0.00 -0.00 -1.71
240 064 021 025,-0.00 -0.00 -1.71
245 064 020 025,-0.00 -0.00 -1.71
247 064 021 025,-0.00 -0.00 -1.71
234 064 021 025,-0.00 -0.00 -1.71
226 064 022 025,-0.00 -0.00 -1.71
225 064 020 025,-0.00 -0.00 -1.71
224 064 020 025,-0.00 -0.00 -1.71
224 064 021 025,-0.00 -0.00 -1.71
224 064 021 025,-0.00 -0.00 -1.71
223 064 022 025,-0.00 -0.00 -1.71
222 064 022 025,-0.00 -0.00 -1.71
223 064 022 025,-0.00 -0.00 -1.71
224 064 022 025,-0.00 -0.00 -1.71
240 064 022 025,-0.00 -0.00 -1.71
255 064 020 025,-0.00 -0.00 -1.69
242 064 020 025,-0.00 -0.00 -1.69
246 064 020 025,-0.00 -0.00 -1.69
247 064 020 025,-0.00 -0.00 -1.69
248 064 020 025,-0.00 -0.00 -1.64
231 064 020 026,-0.00 -0.00 -1.64
226 064 020 027,-0.00 -0.00 -1.64
224 064 020 027,-0.00 -0.00 -1.57
226 065 020 028,-0.00 -0.00 -1.57
206 066 020 028,-0.00 -0.00 -1.57
244 066 020 028,-0.00 -0.00 -1.57
248 066 020 028,-0.00 -0.00 -1.50
157 066 020 036,-0.00 -0.00 -1.50
187 144 019 031,-0.00 -0.00 -1.50
248 212 018 036,-0.00 -0.00 -1.50
257 248 018 038,-0.00 -0.00 -1.41
254 251 018 038,-0.00 -0.00 -1.41
261 255 018 039,-0.00 -0.00 -1.41
297 222 018 034,-0.00 -0.00 -1.33
301 220 018 037,-0.00 -0.00 -1.33
302 255 018 038,-0.00 -0.00 -1.33
302 266 018 038,-0.00 -0.00 -1.33
197 270 018 039,-0.00 -0.00 -1.26
125 235 018 033,-0.00 -0.00 -1.26
085 261 018 030,-0.00 -0.00 -1.26
089 303 018 036,-0.00 -0.00 -1.26
089 271 019 030,-0.00 -0.00 -1.19
099 263 020 028,-0.00 -0.00 -1.19
075 263 020 027,-0.00 -0.00 -1.19
094 287 021 027,-0.00 -0.00 -1.12
100 329 021 027,-0.00 -0.00 -1.12
077 302 020 026,-0.00 -0.00 -1.12
102 263 024 024,-0.00 -0.00 -1.12
068 287 023 024,0.00 -0.00 -1.03
093 296 023 023,0.00 -0.00 -1.03
099 257 023 022,0.00 -0.00 -1.03
052 231 023 022,0.00 -0.00 -1.03
097 242 023 022,0.00 -0.00 -0.96
129 247 023 022,0.00 -0.00 -0.96
130 248 023 022,0.00 -0.00 -0.96
114 248 023 022,0.00 -0.00 -0.87
127 248 023 020,0.00 -0.00 -0.87
129 249 023 020,0.00 -0.00 -0.87
130 249 023 020,0.00 -0.00 -0.87
114 248 023 020,0.00 -0.00 -0.80
110 248 023 020,0.00 -0.00 -0.80
109 261 000 019,0.00 -0.00 -0.80
111 261 026 018,0.00 -0.00 -0.73
157 279 050 019,0.00 -0.00 -0.73
181 251 057 020,-0.00 -0.00 -0.73
214 306 060 019,0.00 -0.00 -0.73
215 305 060 018,0.00 -0.00 -0.65
170 305 061 018,0.00 -0.00 -0.65
146 305 062 018,0.00 -0.00 -0.65
112 304 062 018,0.00 -0.00 -0.65
110 324 144 018,0.00 -0.00 -0.58
108 310 204 018,0.00 -0.00 -0.58
107 239 215 018,0.00 -0.00 -0.58
107 174 219 018,0.00 -0.00 -0.49
107 229 220 018,0.00 -0.00 -0.49
107 262 220 018,0.00 -0.00 -0.49
105 299 220 018,0.00 -0.00 -0.49
105 302 220 019,0.00 -0.00 -0.40
105 230 220 020,0.00 -0.00 -0.40
105 165 220 021,0.00 -0.00 -0.40
104 168 220 087,0.00 -0.00 -0.40
103 174 220 149,0.00 -0.00 -0.31
103 151 220 178,0.00 -0.00 -0.31
103 119 220 187,0.00 -0.00 -0.31
103 116 220 164,0.00 -0.00 -0.24
103 115 220 155,-0.00 -0.00 -0.24
102 160 220 155,-0.00 -0.00 -0.24
099 183 220 191,-0.00 -0.00 -0.24
100 195 220 194,-0.00 -0.00 -0.17
068 129 220 204,-0.00 -0.00 -0.17
030 117 220 207,-0.00 -0.00 -0.17
026 120 220 208,-0.00 -0.00 -0.10
024 121 220 208,-0.00 -0.00 -0.10
024 116 220 209,-0.00 -0.00 -0.10
023 112 241 209,-0.00 -0.00 -0.10
023 111 248 209,-0.00 -0.00 -0.02
022 109 255 209,-0.00 -0.00 -0.02
022 109 243 209,-0.00 -0.00 -0.02
022 108 247 209,-0.00 -0.00 -0.02
022 108 255 209,-0.00 -0.00 0.05
022 108 242 209,-0.00 -0.00 0.05
020 107 246 209,-0.00 -0.00 0.05
020 107 247 209,-0.00 -0.00 0.12
020 107 255 209,-0.00 -0.00 0.12
020 107 223 209,-0.00 -0.00 0.12
021 107 221 209,-0.00 -0.00 0.12
021 107 223 209,-0.00 -0.00 0.19
022 107 224 209,-0.00 -0.00 0.19
022 107 222 209,-0.00 -0.00 0.19
020 107 221 209,-0.00 -0.00 0.19
020 107 221 209,-0.00 -0.00 0.28
020 107 221 209,-0.00 -0.00 0.28
021 107 271 209,-0.00 -0.00 0.28
021 108 321 209,-0.00 -0.00 0.35
022 107 278 209,-0.00 -0.00 0.35
022 107 262 219,-0.00 -0.00 0.35
022 105 299 222,-0.00 -0.00 0.35
023 105 322 213,-0.00 -0.00 0.44
023 105 310 210,-0.00 -0.00 0.44
023 105 304 209,-0.00 -0.00 0.44
023 105 303 219,-0.00 -0.00 0.44
023 105 302 222,-0.00 -0.00 0.51
023 104 302 225,-0.00 -0.00 0.51
023 103 303 243,-0.00 -0.00 0.51
023 103 304 231,-0.00 -0.00 0.58
023 054 304 226,-0.00 -0.00 0.58
024 066 303 225,-0.00 -0.00 0.58
025 060 303 224,-0.00 -0.00 0.58
025 039 304 214,-0.00 -0.00 0.65
039 033 304 210,-0.00 -0.00 0.65
043 031 304 209,-0.00 -0.00 0.65
031 032 273 209,-0.00 -0.00 0.73
029 036 255 211,-0.00 -0.00 0.73
027 027 223 245,-0.00 -0.00 0.73
027 050 181 248,-0.00 -0.00 0.73
030 023 132 232,-0.00 -0.00 0.80
028 022 166 244,-0.00 -0.00 0.80
029 022 172 246,-0.00 -0.00 0.80
029 022 128 248,-0.00 -0.00 0.80
030 022 125 249,-0.00 -0.00 0.87
030 022 124 249,-0.00 -0.00 0.87
031 022 163 248,-0.00 -0.00 0.87
032 022 167 249,-0.00 -0.00 0.96
039 020 131 248,-0.00 -0.00 0.96
042 020 165 248,-0.00 -0.00 0.96
035 021 183 248,-0.00 -0.00 0.96
032 021 214 248,-0.00 -0.00 1.03
031 022 216 251,-0.00 -0.00 1.03
030 022 154 253,-0.00 -0.00 1.03
030 022 135 254,-0.00 -0.00 1.03
029 022 150 254,-0.00 -0.00 1.12
029 022 081 262,-0.00 -0.00 1.12
028 022 082 299,-0.00 -0.00 1.12
028 022 117 302,-0.00 -0.00 1.19
027 022 123 210,-0.00 -0.00 1.19
027 023 160 239,-0.00 -0.00 1.19
027 022 169 222,-0.00 -0.00 1.19
027 023 112 141,-0.00 -0.00 1.27
026 023 068 225,-0.00 -0.00 1.27
025 023 062 260,-0.00 -0.00 1.27
051 000 060 297,-0.00 -0.00 1.27
025 024 058 206,-0.00 -0.00 1.34
025 025 090 169,-0.00 -0.00 1.34
025 025 068 225,-0.00 -0.00 1.34
025 028 061 192,-0.00 -0.00 1.41
025 027 061 136,-0.00 -0.00 1.41
025 028 091 150,-0.00 -0.00 1.41
025 040 096 124,-0.00 -0.00 1.41
025 044 064 124,-0.00 -0.00 1.50
025 034 091 124,-0.00 -0.00 1.50
024 031 096 121,-0.00 -0.00 1.50
023 032 060 122,-0.00 -0.00 1.57
023 033 059 163,-0.00 -0.00 1.57
023 040 058 170,-0.00 0.00 1.57
023 036 059 128,-0.00 0.00 1.57
023 041 057 165,-0.00 0.00 1.64
022 043 059 184,-0.00 0.00 1.64
022 043 056 216,-0.00 0.00 1.64
022 044 054 218,-0.00 0.00 1.64
022 044 054 154,-0.00 0.00 1.73
023 036 033 132,-0.00 0.00 1.73
023 041 025 164,-0.00 -0.00 1.73
023 043 023 173,-0.00 -0.00 1.80
023 043 022 169,-0.00 -0.00 1.80
023 044 021 210,-0.00 -0.00 1.80
023 044 020 168,-0.00 -0.00 1.80
023 044 020 119,-0.00 -0.00 1.87
023 044 020 112,-0.00 -0.00 1.87
023 044 020 109,-0.00 -0.00 1.87
023 044 020 108,-0.00 -0.00 1.87
023 045 020 108,-0.00 -0.00 1.94
023 035 020 107,-0.00 -0.00 1.94
024 042 020 108,-0.00 -0.00 1.94
025 033 020 107,-0.00 -0.00 2.01
025 030 020 107,0.00 -0.00 2.01
025 028 020 108,0.00 -0.00 2.01
025 027 020 107,0.00 -0.00 2.01
025 027 020 107,0.00 -0.00 2.09
026 027 020 107,0.00 -0.00 2.09
025 027 020 111,0.00 -0.00 2.09
026 027 020 107,0.00 -0.00 2.18
027 026 021 106,0.00 -0.00 2.18
028 026 021 105,0.00 -0.00 2.18
028 025 022 105,0.00 -0.00 2.18
028 026 022 104,0.00 -0.00 2.29
030 025 023 103,0.00 -0.00 2.29
030 025 023 103,0.00 -0.00 2.29
031 024 023 102,0.00 -0.00 2.29
029 023 023 103,0.00 -0.00 2.41
028 023 023 081,0.00 -0.00 2.41
027 023 023 067,0.00 -0.00 2.41
026 023 024 076,0.00 -0.00 2.53
024 023 025 065,0.00 -0.00 2.53
024 023 025 037,0.00 -0.00 2.53
022 023 025 026,0.00 -0.00 2.53
022 023 025 023,0.00 -0.00 2.67
022 023 026 021,0.00 -0.00 2.67
022 023 025 020,0.00 -0.00 2.67
022 023 026 020,0.00 -0.00 2.67
020 023 029 021,0.00 -0.00 2.79
020 024 030 021,0.00 -0.00 2.79
020 025 030 022,0.00 -0.00 2.79
020 026 031 022,0.00 -0.00 2.90
020 025 029 022,0.00 -0.00 2.90
019 026 028 022,0.00 -0.00 2.90
018 027 027 022,0.00 -0.00 2.90
018 027 027 022,0.00 -0.00 3.02
018 028 027 022,0.00 -0.00 3.02
018 029 027 023,0.00 -0.00 3.02
018 030 026 023,0.00 -0.00 3.02
018 036 025 023,0.00 -0.00 3.12
018 033 025 023,0.00 -0.00 3.12
018 036 025 024,0.00 -0.00 3.12
018 030 025 025,0.00 -0.00 -3.04
018 028 025 025,0.00 -0.00 -3.04
018 027 025 026,0.00 -0.00 -3.04
019 027 025 028,0.00 -0.00 -3.04
021 026 024 030,0.00 -0.00 -2.93
021 025 023 039,0.00 -0.00 -2.93
028 024 023 042,0.00 -0.00 -2.93
030 023 022 043,-0.00 -0.00 -2.81
033 023 022 044,-0.00 -0.00 -2.81
030 022 022 044,-0.00 -0.00 -2.81
058 022 022 044,-0.00 -0.00 -2.81
059 022 022 044,-0.00 -0.00 -2.69
062 020 022 037,-0.00 -0.00 -2.69
097 020 023 033,-0.00 -0.00 -2.69
173 020 023 031,-0.00 -0.00 -2.69
193 020 022 030,-0.00 -0.00 -2.58
208 020 023 030,-0.00 -0.00 -2.58
239 019 023 029,-0.00 -0.00 -2.58
241 018 023 029,-0.00 -0.00 -2.46
248 018 023 027,-0.00 -0.00 -2.46
250 018 023 027,-0.00 -0.00 -2.46
252 018 024 027,-0.00 -0.00 -2.46
251 018 025 026,-0.00 -0.00 -2.36
251 018 026 025,-0.00 -0.00 -2.36
251 018 025 026,-0.00 -0.00 -2.36
226 018 025 027,-0.00 -0.00 -2.36
226 018 025 042,-0.00 -0.00 -2.23
218 019 026 031,-0.00 -0.00 -2.23
222 020 027 027,-0.00 -0.00 -2.23
222 022 027 050,-0.00 -0.00 -2.13
222 023 027 024,-0.00 -0.00 -2.13
222 044 027 023,-0.00 -0.00 -2.13
222 025 027 023,-0.00 -0.00 -2.13
221 057 026 023,-0.00 -0.00 -2.01
221 054 025 023,-0.00 -0.00 -2.01
222 067 025 023,-0.00 -0.00 -2.01
222 055 024 023,-0.00 -0.00 -2.01
221 086 022 023,-0.00 -0.00 -1.88
221 070 022 023,-0.00 -0.00 -1.88
221 065 022 023,-0.00 -0.00 -1.88
221 060 022 023,-0.00 -0.00 -1.78
221 058 022 023,-0.00 -0.00 -1.78
222 061 022 023,-0.00 -0.00 -1.78
223 062 020 024,-0.00 -0.00 -1.78
223 063 020 025,-0.00 -0.00 -1.66
223 141 020 026,-0.00 -0.00 -1.66
240 222 020 027,-0.00 -0.00 -1.66
245 265 019 027,-0.00 -0.00 -1.55
238 234 018 028,-0.00 -0.00 -1.55
235 224 018 028,-0.00 -0.00 -1.55
245 220 018 036,-0.00 -0.00 -1.55
239 219 018 032,-0.00 -0.00 -1.43
257 219 018 033,-0.00 -0.00 -1.43
226 219 018 037,-0.00 -0.00 -1.43
140 219 018 038,-0.00 -0.00 -1.43
225 219 018 038,-0.00 -0.00 -1.33
189 241 018 033,-0.00 -0.00 -1.33
135 249 018 031,-0.00 -0.00 -1.33
152 252 018 030,-0.00 -0.00 -1.20
123 254 018 036,-0.00 -0.00 -1.20
121 254 018 029,-0.00 -0.00 -1.20
121 230 019 037,-0.00 -0.00 -1.20
120 244 020 039,-0.00 -0.00 -1.10
120 261 020 040,-0.00 -0.00 -1.10
120 301 021 029,-0.00 -0.00 -1.10
119 271 023 051,-0.00 -0.00 -1.10
119 263 022 023,-0.00 -0.00 -0.99
119 302 023 021,-0.00 -0.00 -0.99
119 281 023 020,-0.00 -0.00 -0.99
117 273 023 020,-0.00 -0.00 -0.87
118 253 022 020,-0.00 -0.00 -0.87
118 222 023 019,-0.00 -0.00 -0.87
117 226 023 020,-0.00 -0.00 -0.87
118 280 024 019,-0.00 -0.00 -0.75
118 259 025 018,-0.00 -0.00 -0.75
118 280 049 018,-0.00 -0.00 -0.75
113 307 057 018,-0.00 -0.00 -0.75
111 323 060 018,0.00 -0.00 -0.65
110 312 061 018,0.00 -0.00 -0.65
109 296 062 018,0.00 -0.01 -0.65
109 293 144 018,0.00 -0.01 -0.52
107 229 204 018,0.00 -0.01 -0.52
107 237 215 018,0.00 -0.00 -0.52
107 264 219 018,0.00 -0.00 -0.52
105 228 220 019,0.00 -0.00 -0.38
105 183 220 095,0.00 -0.00 -0.38
105 174 220 144,0.00 -0.00 -0.38
105 129 220 152,0.00 -0.00 -0.28
104 124 220 156,-0.00 -0.00 -0.28
127 118 220 151,-0.00 -0.00 -0.28
100 116 220 189,-0.00 -0.00 -0.28
101 141 220 226,-0.00 -0.00 -0.17
068 147 220 229,-0.00 -0.00 -0.17
031 115 220 239,-0.00 -0.00 -0.17
026 114 220 246,-0.00 -0.00 -0.17
024 111 220 248,-0.00 -0.00 -0.05
024 110 220 249,-0.00 -0.00 -0.05
022 109 220 249,-0.00 -0.00 -0.05
022 110 220 245,-0.00 -0.00 0.05
022 109 240 249,-0.00 -0.00 0.05
022 108 245 250,-0.00 -0.00 0.05
022 107 247 251,-0.00 -0.00 0.05
022 108 255 251,-0.00 -0.00 0.17
022 107 223 248,-0.00 -0.00 0.17
022 107 221 213,-0.00 -0.00 0.17
022 107 221 210,-0.00 -0.00 0.17
022 108 221 209,-0.00 -0.00 0.28
022 108 221 209,-0.00 -0.00 0.28
022 108 271 209,-0.00 -0.00 0.28
023 107 265 219,-0.00 -0.00 0.40
022 106 281 222,-0.00 -0.01 0.40
023 105 263 226,-0.00 -0.01 0.40
023 105 298 223,-0.00 -0.01 0.40
024 105 301 223,-0.00 -0.01 0.52
025 104 302 222,-0.00 -0.01 0.52
025 103 302 222,-0.00 -0.01 0.52
025 082 303 222,-0.00 -0.01 0.63
025 074 304 213,-0.00 -0.01 0.63
025 036 304 220,-0.00 -0.01 0.63
026 031 207 223,-0.00 -0.01 0.63
028 029 168 213,-0.00 -0.01 0.75
029 025 170 213,-0.00 -0.01 0.75
031 024 246 246,-0.00 -0.01 0.75
029 022 293 247,-0.00 -0.01 0.75
029 022 300 248,-0.00 -0.01 0.86
028 022 303 248,-0.00 -0.01 0.86
030 022 228 248,-0.00 -0.01 0.86
033 022 136 248,-0.00 -0.00 0.98
033 022 150 248,-0.00 -0.00 0.98
031 022 120 248,-0.00 -0.00 0.98
029 022 120 249,-0.00 -0.00 0.98
030 022 120 253,-0.00 -0.00 1.08
029 022 119 193,-0.00 -0.00 1.08
029 023 160 209,-0.00 -0.00 1.08
028 023 181 264,-0.00 -0.00 1.08
027 023 174 206,-0.00 -0.00 1.20
027 023 169 170,-0.00 -0.00 1.20
027 023 128 226,-0.00 -0.00 1.20
026 023 100 190,-0.00 -0.00 1.31
026 023 064 138,-0.00 -0.00 1.31
025 031 063 132,-0.00 -0.00 1.31
025 028 093 153,-0.00 -0.00 1.31
025 027 101 195,-0.00 -0.00 1.43
025 027 104 259,-0.00 -0.00 1.43
025 029 100 230,-0.00 -0.00 1.43
024 030 065 238,-0.00 -0.00 1.43
023 032 061 265,-0.00 -0.00 1.54
023 041 090 270,-0.00 -0.00 1.54
023 043 099 254,-0.00 -0.00 1.54
023 035 098 222,-0.00 -0.00 1.66
023 033 097 220,-0.00 -0.00 1.66
023 033 066 154,-0.00 -0.00 1.66
023 040 029 198,-0.00 -0.00 1.66
023 043 051 212,-0.00 -0.00 1.76
023 043 024 171,-0.00 -0.00 1.76
023 044 022 133,-0.00 -0.00 1.76
023 044 022 128,-0.00 -0.00 1.80
023 044 022 126,-0.00 -0.00 1.80
023 044 022 127,-0.00 -0.00 1.80
023 044 022 126,-0.00 -0.00 1.80
023 044 022 127,-0.00 -0.00 1.78
023 044 022 126,-0.00 -0.00 1.78
023 044 022 125,-0.00 -0.00 1.78
023 044 022 125,-0.00 -0.00 1.78
023 044 022 125,-0.00 -0.00 1.78
023 044 022 124,-0.00 -0.00 1.78
023 044 022 125,-0.00 -0.00 1.78
023 044 022 125,-0.00 -0.00 1.78
023 044 022 118,-0.00 -0.00 1.78
023 044 022 122,-0.00 -0.00 1.78
023 044 022 123,-0.00 -0.00 1.78
023 044 022 125,-0.00 -0.00 1.78
023 044 022 125,-0.00 -0.00 1.78
023 044 022 125,-0.00 -0.00 1.78
023 044 022 124,-0.00 -0.00 1.78
023 044 022 117,-0.00 -0.00 1.78
023 044 022 121,-0.00 -0.00 1.78
023 044 022 115,-0.00 -0.00 1.78
023 044 022 121,-0.00 -0.00 1.78
023 044 022 123,-0.00 -0.00 1.78
023 044 022 124,-0.00 -0.00 1.78
023 044 022 125,-0.00 -0.00 1.78
023 044 022 124,-0.00 -0.00 1.78
023 044 022 125,-0.00 -0.00 1.78
023 044 022 125,-0.00 -0.00 1.78
023 044 022 125,-0.00 -0.00 1.78
023 044 022 125,-0.00 -0.00 1.78
023 044 022 117,-0.00 -0.00 1.78
023 044 022 115,-0.00 -0.00 1.78
023 044 022 116,-0.00 -0.00 1.78
023 044 022 122,-0.00 -0.00 1.78
023 044 022 124,-0.00 -0.00 1.78
023 044 022 125,-0.00 -0.00 1.78
023 044 022 125,-0.00 -0.00 1.78
023 044 022 125,-0.00 -0.00 1.78
023 044 022 126,-0.00 -0.00 1.78
023 044 022 162,-0.00 -0.00 1.78
023 044 022 183,-0.00 -0.00 1.78
023 044 022 216,-0.00 -0.00 1.78
023 044 022 218,-0.00 -0.00 1.78
023 044 022 218,-0.00 -0.00 1.78
023 044 022 219,-0.00 -0.00 1.78
023 044 022 219,-0.00 -0.00 1.78
023 044 022 219,-0.00 -0.00 1.78
023 044 022 219,-0.00 -0.00 1.78
023 044 022 218,-0.00 -0.00 1.78
023 044 022 218,-0.00 -0.00 1.78
023 044 022 219,-0.00 -0.00 1.78
023 044 022 218,-0.00 -0.00 1.78
023 044 022 217,-0.00 -0.00 1.78
023 044 022 217,-0.00 -0.00 1.78
023 044 022 218,-0.00 -0.00 1.78
023 037 022 219,-0.00 -0.00 1.78
023 041 022 219,-0.00 -0.00 1.78
023 043 022 218,-0.00 -0.00 1.78
023 043 022 217,-0.00 -0.00 1.78
023 044 022 217,-0.00 -0.00 1.78
023 044 022 218,-0.00 -0.00 1.78
023 044 022 217,-0.00 -0.00 1.78
023 044 022 217,-0.00 -0.00 1.78
023 044 022 217,-0.00 -0.00 1.78
023 044 022 218,-0.00 -0.00 1.78
023 044 022 217,-0.00 -0.00 1.78
023 044 022 172,-0.00 -0.00 1.78
023 044 022 169,-0.00 -0.00 1.78
023 044 022 165,-0.00 -0.00 1.78
023 044 022 168,-0.00 -0.00 1.78
023 044 022 184,-0.00 -0.00 1.78
023 044 022 215,-0.00 -0.00 1.78
023 044 022 216,-0.00 -0.00 1.78
023 044 022 217,-0.00 -0.00 1.78
023 044 022 217,-0.00 -0.00 1.78
023 044 022 217,-0.00 -0.00 1.78
023 044 022 183,-0.00 -0.00 1.78
023 044 022 198,-0.00 -0.00 1.78
023 044 022 174,-0.00 -0.00 1.78
023 044 022 133,-0.00 -0.00 1.78
023 044 022 129,-0.00 -0.00 1.78
023 044 022 128,-0.00 -0.00 1.78
023 044 022 126,-0.00 -0.00 1.78
023 044 022 126,-0.00 -0.00 1.78
023 044 022 125,-0.00 -0.00 1.78
023 044 022 125,-0.00 -0.00 1.78
023 044 022 124,-0.00 -0.00 1.78
023 044 022 124,-0.00 -0.00 1.78
023 044 022 117,-0.00 -0.00 1.78
023 044 022 091,-0.00 -0.00 1.78
023 044 022 091,-0.00 -0.00 1.78
023 044 022 090,-0.00 -0.00 1.78
023 044 022 087,-0.00 -0.00 1.78
023 044 022 084,-0.00 -0.00 1.78
023 044 022 083,-0.00 -0.00 1.78
023 037 022 086,-0.00 -0.00 1.78
023 041 022 085,-0.00 -0.00 1.78
023 043 022 085,-0.00 -0.00 1.78
023 043 022 085,-0.00 -0.00 1.78
023 044 022 086,-0.00 -0.00 1.78
023 044 022 086,-0.00 -0.00 1.78
023 044 022 086,-0.00 -0.00 1.78
023 044 022 113,-0.00 -0.00 1.78
023 044 022 121,-0.00 -0.00 1.78
023 044 022 093,-0.00 -0.00 1.78
023 044 022 092,-0.00 -0.00 1.78
023 044 022 146,-0.00 -0.00 1.78
023 044 022 197,-0.00 -0.00 1.78
023 037 022 179,-0.00 -0.00 1.78
023 035 022 207,-0.00 -0.00 1.78
023 041 022 208,-0.00 -0.00 1.78
023 043 022 183,-0.00 -0.00 1.78
023 043 022 175,-0.00 -0.00 1.78
023 044 022 198,-0.00 -0.00 1.78
023 044 022 180,-0.00 -0.00 1.78
023 044 022 207,-0.00 -0.00 1.78
023 044 022 176,-0.00 -0.00 1.78
023 044 022 125,-0.00 -0.00 1.78
023 044 022 095,-0.00 -0.00 1.78
023 044 022 094,-0.00 -0.00 1.78
023 044 022 096,-0.00 -0.00 1.78
023 044 022 107,-0.00 -0.00 1.78
023 044 022 093,-0.00 -0.00 1.78
023 044 022 088,-0.00 -0.00 1.78
023 044 022 087,-0.00 -0.00 1.78
023 044 022 086,-0.00 -0.00 1.78
023 044 022 087,-0.00 -0.00 1.78
023 044 022 088,-0.00 -0.00 1.78
023 044 022 088,-0.00 -0.00 1.78
023 044 022 088,-0.00 -0.00 1.78
023 044 022 088,-0.00 -0.00 1.78
023 044 022 088,-0.00 -0.00 1.78
023 044 022 087,-0.00 -0.00 1.78
023 044 022 088,-0.00 -0.00 1.78
023 044 022 087,-0.00 -0.00 1.78
023 044 022 086,-0.00 -0.00 1.78
023 044 022 086,-0.00 -0.00 1.78
023 044 022 086,-0.00 -0.00 1.78
023 044 022 086,-0.00 -0.00 1.78
023 044 022 085,-0.00 -0.00 1.78
023 044 022 086,-0.00 -0.00 1.78
023 044 022 086,-0.00 -0.00 1.78
023 044 022 086,-0.00 -0.00 1.78
023 044 022 088,-0.00 -0.00 1.78
023 036 022 079,-0.00 -0.00 1.78
023 041 022 113,-0.00 -0.00 1.78
023 043 022 116,-0.00 -0.00 1.78
023 043 022 116,-0.00 -0.00 1.78
023 044 022 117,-0.00 -0.00 1.78
023 044 022 141,-0.00 -0.00 1.78
023 044 022 147,-0.00 -0.00 1.78
023 044 022 115,-0.00 -0.00 1.78
023 044 022 178,-0.00 -0.00 1.78
023 044 022 199,-0.00 -0.00 1.78
023 044 022 193,-0.00 -0.00 1.78
023 044 022 133,-0.00 -0.00 1.78
023 044 022 119,-0.00 -0.00 1.78
023 044 022 114,-0.00 -0.00 1.78
023 044 022 120,-0.00 -0.00 1.78
023 044 022 113,-0.00 -0.00 1.78
023 044 022 110,-0.00 -0.00 1.78
023 044 022 107,-0.00 -0.00 1.78
023 044 022 110,-0.00 -0.00 1.78
023 044 022 110,-0.00 -0.00 1.78
023 036 022 111,-0.00 -0.00 1.78
023 033 022 115,-0.00 -0.00 1.78
023 032 022 116,-0.00 -0.00 1.78
023 040 022 114,-0.00 -0.00 1.78
023 043 022 111,-0.00 -0.00 1.78
023 043 022 110,-0.00 -0.00 1.78
023 044 022 152,-0.00 -0.00 1.78
023 044 022 166,-0.00 -0.00 1.78
023 044 022 167,-0.00 -0.00 1.78
023 044 022 141,-0.00 -0.00 1.78
023 044 022 113,-0.00 -0.00 1.78
023 044 022 112,-0.00 -0.00 1.78
023 036 022 106,-0.00 -0.00 1.78
023 041 022 156,-0.00 -0.00 1.78
023 043 022 150,-0.00 -0.00 1.78
023 043 022 106,-0.00 -0.00 1.78
023 044 022 110,-0.00 -0.00 1.78
023 044 022 126,-0.00 -0.00 1.78
023 044 022 108,-0.00 -0.00 1.78
023 044 022 109,-0.00 -0.00 1.78
023 044 022 157,-0.00 -0.00 1.78
023 044 022 180,-0.00 -0.00 1.78
023 044 022 166,-0.00 -0.00 1.78
023 044 022 167,-0.00 -0.00 1.78
023 044 022 184,-0.00 -0.00 1.78
023 044 022 215,-0.00 -0.00 1.78
023 036 022 216,-0.00 -0.00 1.78
023 041 022 170,-0.00 -0.00 1.78
023 043 022 147,-0.00 -0.00 1.78
023 035 022 114,-0.00 -0.00 1.78
023 033 022 111,-0.00 -0.00 1.78
023 040 022 110,-0.00 -0.00 1.78
023 043 022 157,-0.00 -0.00 1.78
023 043 022 181,-0.00 -0.00 1.78
023 036 022 214,-0.00 -0.00 1.78
023 041 022 216,-0.00 -0.00 1.78
023 043 022 217,-0.00 -0.00 1.78
023 043 022 217,-0.00 -0.00 1.78
023 044 022 217,-0.00 -0.00 1.78
023 044 022 217,-0.00 -0.00 1.78
023 044 022 217,-0.00 -0.00 1.78
023 044 022 217,-0.00 -0.00 1.78
023 044 022 217,-0.00 -0.00 1.78
023 044 022 217,-0.00 -0.00 1.78
023 044 022 217,-0.00 -0.00 1.78
023 044 022 217,-0.00 -0.00 1.78
023 044 022 217,-0.00 -0.00 1.78
023 044 022 217,-0.00 -0.00 1.78
023 044 022 217,-0.00 -0.00 1.78
023 044 022 217,-0.00 -0.00 1.78
023 044 022 218,-0.00 -0.00 1.78
023 044 022 217,-0.00 -0.00 1.78
023 044 022 217,-0.00 -0.00 1.78
023 044 022 218,-0.00 -0.00 1.78
023 044 022 219,-0.00 -0.00 1.78
023 044 022 219,-0.00 -0.00 1.78
023 044 022 219,-0.00 -0.00 1.78
023 044 022 170,-0.00 -0.00 1.78
023 044 022 147,-0.00 -0.00 1.78
023 044 022 114,-0.00 -0.00 1.78
023 036 022 112,-0.00 -0.00 1.78
023 041 022 159,-0.00 -0.00 1.78
023 043 022 181,-0.00 -0.00 1.78
023 043 022 214,-0.00 -0.00 1.78
023 044 022 170,-0.00 -0.00 1.78
023 044 022 147,-0.00 -0.00 1.78
023 044 022 162,-0.00 -0.00 1.78
023 044 022 183,-0.00 -0.00 1.78
023 044 022 216,-0.00 -0.00 1.78
023 044 022 218,-0.00 -0.00 1.78
023 044 022 217,-0.00 -0.00 1.78
023 044 022 217,-0.00 -0.00 1.78
023 036 022 218,-0.00 -0.00 1.78
023 041 022 219,-0.00 -0.00 1.78
023 043 022 138,-0.00 -0.00 1.78
023 043 022 082,-0.00 -0.00 1.78
023 044 022 101,-0.00 -0.00 1.78
023 044 022 107,-0.00 -0.00 1.78
023 044 022 109,-0.00 -0.00 1.78
023 044 022 160,-0.00 -0.00 1.78
023 044 022 161,-0.00 -0.00 1.78
023 044 022 119,-0.00 -0.00 1.78
023 044 022 088,-0.00 -0.00 1.78
023 044 022 096,-0.00 -0.00 1.78
023 044 022 129,-0.00 -0.00 1.78
023 044 022 135,-0.00 -0.00 1.78
023 036 022 118,-0.00 -0.00 1.78
023 033 022 113,-0.00 -0.00 1.78
023 032 022 112,-0.00 -0.00 1.78
023 040 022 111,-0.00 -0.00 1.78
023 043 022 111,-0.00 -0.00 1.78
023 043 022 158,-0.00 -0.00 1.78
023 044 022 182,-0.00 -0.00 1.78
023 044 022 215,-0.00 -0.00 1.78
023 044 022 170,-0.00 -0.00 1.78
023 044 022 148,-0.00 -0.00 1.78
023 044 022 116,-0.00 -0.00 1.78
023 044 022 114,-0.00 -0.00 1.78
023 036 022 113,-0.00 -0.00 1.78
023 033 022 111,-0.00 -0.00 1.78
023 032 022 111,-0.00 -0.00 1.78
023 032 022 113,-0.00 -0.00 1.78
023 032 022 112,-0.00 -0.00 1.78
023 040 022 159,-0.00 -0.00 1.78
023 034 022 181,-0.00 -0.00 1.78
023 033 022 215,-0.00 -0.00 1.78
023 032 022 218,-0.00 -0.00 1.78
023 040 022 160,-0.00 -0.00 1.78
023 034 022 108,-0.00 -0.00 1.78
023 033 022 125,-0.00 -0.00 1.78
023 032 022 096,-0.00 -0.00 1.78
023 032 022 153,-0.00 -0.00 1.78
023 032 022 179,-0.00 -0.00 1.78
023 032 022 167,-0.00 -0.00 1.78
023 032 022 111,-0.00 -0.00 1.78
023 040 022 157,-0.00 -0.00 1.78
023 042 022 181,-0.00 -0.00 1.78
023 035 022 157,-0.00 -0.00 1.78
023 041 022 108,-0.00 -0.00 1.78
023 035 022 109,-0.00 -0.00 1.78
023 033 022 157,-0.00 -0.00 1.78
023 032 022 182,-0.00 -0.00 1.78
023 032 022 168,-0.00 -0.00 1.78
023 032 022 168,-0.00 -0.00 1.78
023 032 022 184,-0.00 -0.00 1.78
023 032 022 215,-0.00 -0.00 1.78
023 032 022 171,-0.00 -0.00 1.78
023 032 022 154,-0.00 -0.00 1.78
023 040 022 179,-0.00 -0.00 1.78
023 042 022 213,-0.00 -0.00 1.78
023 035 022 217,-0.00 -0.00 1.78
023 033 022 217,-0.00 -0.00 1.78
023 032 022 227,-0.00 -0.00 1.78
023 032 022 196,-0.00 -0.00 1.78
023 032 022 194,-0.00 -0.00 1.78
023 032 022 192,-0.00 -0.00 1.78
023 040 022 150,-0.00 -0.00 1.78
023 034 022 102,-0.00 -0.00 1.78
023 041 022 105,-0.00 -0.00 1.78
023 035 022 157,-0.00 -0.00 1.78
023 033 022 192,-0.00 -0.00 1.78
023 032 022 193,-0.00 -0.00 1.78
023 040 022 193,-0.00 -0.00 1.78
023 043 022 194,-0.00 -0.00 1.78
023 043 022 195,-0.00 -0.00 1.78
023 044 022 194,-0.00 -0.00 1.78
023 044 022 193,-0.00 -0.00 1.78
023 044 022 184,-0.00 -0.00 1.78
023 044 022 147,-0.00 -0.00 1.78
023 044 022 128,-0.00 -0.00 1.78
023 044 022 181,-0.00 -0.00 1.78
023 044 022 143,-0.00 -0.00 1.78
023 044 022 084,-0.00 -0.00 1.78
023 044 022 039,-0.00 -0.00 1.78
023 044 022 034,-0.00 -0.00 1.78
023 044 022 031,-0.00 -0.00 1.78
023 044 022 031,-0.00 -0.00 1.78
023 044 022 030,-0.00 -0.00 1.78
023 044 022 030,-0.00 -0.00 1.78
023 044 022 030,-0.00 -0.00 1.78
023 044 022 030,-0.00 -0.00 1.78
023 044 022 030,-0.00 -0.00 1.78
023 044 022 030,-0.00 -0.00 1.78
023 044 022 030,-0.00 -0.00 1.78
023 044 022 030,-0.00 -0.00 1.78
023 044 022 030,-0.00 -0.00 1.78
023 044 022 030,-0.00 -0.00 1.78
023 044 022 030,-0.00 -0.00 1.78
023 044 022 030,-0.00 -0.00 1.78
023 044 022 030,-0.00 -0.00 1.78
023 044 022 030,-0.00 -0.00 1.78
023 044 022 030,-0.00 -0.00 1.78
023 036 022 030,-0.00 -0.00 1.78
023 041 022 030,-0.00 -0.00 1.78
023 043 022 032,-0.00 -0.00 1.78
023 043 022 032,-0.00 -0.00 1.78
023 044 022 032,-0.00 -0.00 1.78
023 036 022 031,-0.00 -0.00 1.78
023 041 022 030,-0.00 -0.00 1.78
023 043 022 029,-0.00 -0.00 1.78
023 043 022 029,-0.00 -0.00 1.78
023 044 022 028,-0.00 -0.00 1.78
023 044 022 030,-0.00 -0.00 1.78
023 044 022 029,-0.00 -0.00 1.78
